-151.070046283918 -21.93131622653573 22.396970348623277 4.9963209507789
-113.11538032952197 -24.21171863414143 25.660721867112937 4.9963209507789
-76.65632827497515 -25.971278707411695 32.22078518995319 4.9963209507789
-43.63495173336468 -26.911070790226045 42.7396614302488 4.9963209507789
-13.04666806886509 -35.82814621394381 45.6553721559788 4.9963209507789
16.615415950831224 -31.548565169764085 55.5704544138179 4.9963209507789
49.84394908416297 -29.843955304137893 40.723293496405496 4.9963209507789
75.53535423398739 -25.12536188102078 33.16815021480732 4.9963209507789
113.3590725083119 -22.985694367322974 28.336209013539246 4.9963209507789
151.11302600569095 -20.14832528283796 24.594987205085 4.9963209507789

-150.38152113079377 -37.43303190067881 14.047041427833602 9.60571445127933
-112.55662803339612 -39.06097738169594 11.843690155541683 9.60571445127933
-75.86939409571335 -40.25600751238982 14.316039497080629 9.60571445127933
-49.65571747816353 -44.794039918191295 25.97450202523378 9.60571445127933
-19.00397815120876 -45.21413560038558 16.673514827354364 9.60571445127933
9.21010716380061 -43.257474845797624 17.985770894120822 9.60571445127933
31.7400707769389 -39.01467589214287 16.61091113326327 9.60571445127933
53.46779565926499 -36.940031851252556 19.385703786823367 9.60571445127933
75.08257616292767 -36.42700717285287 14.693239916532894 9.60571445127933
112.39180404877835 -34.188332011610115 13.34720316112634 9.60571445127933
150.02421544719547 -35.95213554649708 13.712197089891216 9.60571445127933

-149.93621809784096 -30.049546703611686 -3.935020290747059 7.855951534491241
-112.52484324261789 -31.227588080178013 -4.502949156766233 7.855951534491241
-75.38890426355893 -31.466332069689845 -5.737881887176532 7.855951534491241
-60.90455273961691 -43.74151370420408 -16.352084306465333 7.855951534491241
-28.42372453661228 -57.334224015927596 -13.26630111862792 7.855951534491241
5.926693957604503 -49.131404093497984 -22.182331185696427 7.855951534491241
33.295173399726934 -48.60979149356367 -24.789148066617464 7.855951534491241
56.440387105046185 -43.75556754867102 -16.298554283483234 7.855951534491241
75.62372808147346 -35.075555497596135 -4.733374834962446 7.855951534491241
112.51634670939768 -33.00934118967073 -4.21527241938327 7.855951534491241
150.0703154695466 -33.5318371488727 -3.8172339186775064 7.855951534491241

-150.4144466724631 -37.948739508178924 -18.11974886564764 6.789267873576293
-112.92718308914779 -37.16862997526695 -19.487090219561075 6.789267873576293
-76.14410467216149 -47.22945023047913 -27.01670978474655 6.789267873576293
-44.214771544026455 -46.33788665561454 -39.49478490227688 6.789267873576293
-16.802189176094526 -46.264164114944506 -42.26202560206886 6.789267873576293
10.013629477433218 -41.494259392473865 -35.55650008007429 6.789267873576293
44.866523676054456 -39.77047319260098 -37.8920300482054 6.789267873576293
75.37942082165968 -44.28282056889597 -27.172698824135036 6.789267873576293
112.5120790265484 -41.212078216117945 -22.28415537295596 6.789267873576293
150.42373852091043 -42.89047835749546 -22.2002771897733 6.789267873576293

-150.5947225714284 -11.882262353019795 23.62509923182644 3.248149123539492
-112.55031721236128 -15.94137475844141 25.467063096425065 3.248149123539492
-75.63898898688187 -17.38320448326372 31.699676396844882 3.248149123539492
-40.050192193293555 -16.598637415236634 42.21804321632083 3.248149123539492
-18.02531714248309 -17.822515604070922 46.932053239312246 3.248149123539492
19.718792129225022 -10.08256849722064 53.893900020751005 3.248149123539492
44.0293202947888 -11.95307857026045 40.96001342514032 3.248149123539492
76.19977694460067 -14.165209773995047 24.498496473809922 3.248149123539492
112.80894837399795 -13.3936153774493 22.12252380036507 3.248149123539492
150.18465413317313 -11.513855465219553 20.939683811687505 3.248149123539492

-150.8853767982458 -25.226509602452133 8.678351665878466 3.247956162689621
-113.08934592102207 -25.058929321140752 16.55659978252049 3.247956162689621
-93.84464208201611 -28.47743659058241 20.794538495126552 3.247956162689621
-74.59939843532784 -32.947778392025334 25.889987448517857 3.247956162689621
-44.871753354848295 -28.072155067643976 33.55247818007602 3.247956162689621
-18.33358518063187 -12.339049984365403 40.39271468802503 3.247956162689621
6.225321927977257 -7.25321533185173 22.497801066874057 3.247956162689621
35.90836366933827 -25.233528166404245 31.39483657528178 3.247956162689621
62.45239969315169 -27.80802243575927 27.58595659395472 3.247956162689621
86.18949334535904 -22.256182752741296 20.520671137861783 3.247956162689621
114.80542477907109 -22.609470225014366 19.461043612579545 3.247956162689621
151.3196624068412 -23.26062752794993 16.64577199717457 3.247956162689621

-150.0147052288999 -20.629713426782313 0.7414816075077793 2.4646688973455957
-111.64455243528383 -21.295981309200904 2.8079419582580645 2.4646688973455957
-73.74076330127377 -20.726321642760638 2.251990892990296 2.4646688973455957
-59.29602222255119 -11.163027299475383 12.259281964427998 2.4646688973455957
-35.91512493007343 -14.252796960059959 11.016618625221136 2.4646688973455957
-15.463454738169409 -15.274418422802091 8.680194284224191 2.4646688973455957
8.248259391726293 -10.686057386461439 9.981804548748698 2.4646688973455957
34.11433447747659 -7.881650441127896 8.805435244515639 2.4646688973455957
53.09403429053067 -21.420901314537158 -13.14157554771183 2.4646688973455957
85.58509282343178 -19.426588875379817 -4.051590780112023 2.4646688973455957
114.1942564758567 -21.243995863505585 -3.261845603372667 2.4646688973455957
150.93369113086132 -19.550832156096945 -3.3832338037597496 2.4646688973455957

-149.19718630239728 -23.152205982492678 -24.2657686085043 8.92940916619948
-129.17653412971634 -22.196850836128394 -23.62906860930513 8.92940916619948
-108.93624858848136 -21.572624878323893 -23.107301717686834 8.92940916619948
-75.50015389329633 -29.677469421572987 -32.9711397225898 8.92940916619948
-42.75160245728327 -30.85187891177618 -33.49741753392585 8.92940916619948
-20.66065446155796 -30.414779044644522 -42.604751542253574 8.92940916619948
6.674579943713553 -27.6326267685669 -26.412671301461184 8.92940916619948
32.69157774954092 -28.52319700820126 -26.59880276741488 8.92940916619948
54.787761164757434 -28.347444544968287 -24.795345277831842 8.92940916619948
78.5413986403961 -26.650823812646383 -20.70255715908444 8.92940916619948
115.91045008755862 -25.25038012674747 -19.57551649885026 8.92940916619948
149.08048867690508 -26.54360207433327 -20.395163499518446 8.92940916619948

-151.0023612014715 -14.302641525433186 -37.72774808769557 6.80892009394567
-113.30437796318478 -14.425655310730848 -38.519728595547804 6.80892009394567
-76.12645177168447 -16.178435389452474 -42.20996541369791 6.80892009394567
-57.522771504270445 -15.648140537680778 -50.08932166487106 6.80892009394567
-38.07544716936185 -13.512944377209887 -62.385788001646425 6.80892009394567
-17.972547014892484 -15.773247676657192 -56.86852138381771 6.80892009394567
1.2676093451550965 -14.242788557688064 -62.312007114550134 6.80892009394567
22.409211657778265 -14.06567493012371 -59.310702991437694 6.80892009394567
51.77940520446212 -17.498663169241865 -68.62588037829526 6.80892009394567
64.95196249586117 -17.691920488489377 -51.32923027011128 6.80892009394567
76.11038844638344 -17.909006850174052 -34.6541452089588 6.80892009394567
112.74859667078852 -16.544771842529265 -33.14073523459364 6.80892009394567
150.44276535427602 -15.73198555472362 -32.11311116616698 6.80892009394567

-150.64061302234606 -13.36297511839108 34.61990403226847 7.664580622368364
-113.02007048831622 -10.87991005118169 36.476983377706276 7.664580622368364
-75.97379407784756 -9.271421417408796 39.4254401446035 7.664580622368364
-47.62360110469872 -15.426359578633559 61.907027556331336 7.664580622368364
-27.53493080994465 -16.278858628167594 70.98563305807004 7.664580622368364
-1.5649699510670805 -18.871741404900646 83.5996463098843 7.664580622368364
34.086639694868566 -19.56337245029092 79.53114034364154 7.664580622368364
61.86130186028971 -16.48967783121094 62.18501698558908 7.664580622368364
76.07024013178852 -12.331101838709186 36.91289501670872 7.664580622368364
112.69502874335718 -11.889797772578344 35.08584142917179 7.664580622368364
150.49132648021316 -11.353155261598303 33.904068297016046 7.664580622368364

-151.2898084154455 -5.949658688198755 19.622219139072897 2.1646759543664196
-113.257588682924 -10.271330762774316 24.296330154294772 2.1646759543664196
-74.74617504759922 -10.341275320363744 28.96087622777573 2.1646759543664196
-37.90312489609678 -11.575208984910274 34.76021452026043 2.1646759543664196
-15.533250848711804 -6.5505728280811555 34.6866107864827 2.1646759543664196
5.404068767286396 -1.5289450105326952 23.384338733013664 2.1646759543664196
38.50461450078414 -4.175350659331738 23.17550942599104 2.1646759543664196
76.0181813228214 -5.716302437642842 22.550901083474244 2.1646759543664196
113.6223371649363 -8.523909111609067 19.41463739372219 2.1646759543664196
150.60038287071578 -6.89742796745773 17.547285231349566 2.1646759543664196

-143.64023605998105 -12.096169910219087 9.822764379583509 9.759278817295954
-111.45316283924956 -12.291485602458161 12.213042998293906 9.759278817295954
-82.71481103930891 -14.011284905157481 15.634112199116403 9.759278817295954
-60.33218702617297 -19.402922376650956 22.615917624766396 9.759278817295954
-36.250235741052 -26.478765223681197 15.525721681485466 9.759278817295954
-3.7093482609038975 -24.196654883894173 16.739506955638195 9.759278817295954
16.62411494293149 -21.552408530928577 14.26726982703649 9.759278817295954
37.192968592274596 -17.956138548002503 15.697750413040977 9.759278817295954
57.42121184190154 -17.009812349195496 19.631174410596497 9.759278817295954
77.95477066799056 -16.48410573060607 8.58224960389888 9.759278817295954
106.41732086548033 -14.73380592905018 8.991509063411744 9.759278817295954
145.9080102269504 -14.110090206235242 7.518139200372172 9.759278817295954

-149.77906134871844 -13.611650390961124 -9.263417491889275 8.659541126403374
-116.82901358080164 -14.23985447878299 -7.002657669614876 8.659541126403374
-95.01190370605664 -14.110080455990495 -6.447328261310306 8.659541126403374
-74.20270143092056 -14.854434148295333 -8.512251692325695 8.659541126403374
-53.625867016865364 -13.361785575131972 -28.89116736520877 8.659541126403374
-32.073195507799745 -12.413391489972282 -18.78225969232912 8.659541126403374
4.321199528913935 -8.82864376525772 -23.599841747372196 8.659541126403374
25.345543565484714 -10.183973153877432 -25.118548387919706 8.659541126403374
46.56753530382996 -10.810735065798657 -21.163506101579156 8.659541126403374
69.82269563366101 -10.587470040319355 -14.837506155676234 8.659541126403374
105.2304610188775 -9.712720027675843 -9.187316296032494 8.659541126403374
128.8918498309341 -10.504419130186099 -10.255740219740174 8.659541126403374
149.4000539084027 -11.452753604897087 -11.089563051533963 8.659541126403374

-149.84968236255452 -4.3165755895021345 -17.49002202115415 3.6987128854262092
-110.42302895800866 -4.986391405304852 -17.348358340832554 3.6987128854262092
-75.55976576109403 -0.7895685978603229 -18.805346774896705 3.6987128854262092
-42.62205045600649 -0.01729204266384568 -29.00917894680353 3.6987128854262092
-16.79217243100189 -0.937540503926202 -29.406873872855755 3.6987128854262092
4.045063697832734 0.8769599984248703 -31.83289645743882 3.6987128854262092
29.22460416013034 1.220210780977608 -30.243148493791097 3.6987128854262092
53.2136628251614 1.4086933744292318 -22.368464246427514 3.6987128854262092
78.00102217095309 1.574969732857706 -18.72233254254027 3.6987128854262092
115.83539399289793 0.6791372312494106 -17.332148988697163 3.6987128854262092
150.2641999621177 0.07395454652870595 -17.43826101057122 3.6987128854262092

-150.1401680915894 -7.934933613801558 -23.950123778450376 3.454599737656805
-112.79407890173121 -9.648548515227905 -27.907239686207415 3.454599737656805
-75.40077603938913 -9.861873928752502 -29.43837105184639 3.454599737656805
-40.91474400487571 -5.0511304630827345 -48.42240383360464 3.454599737656805
-19.4054271909092 -5.857291235608765 -52.9452385293027 3.454599737656805
4.070461567611159 -4.854167823891597 -55.60343967689684 3.454599737656805
23.861491788977485 -7.757554420051342 -38.87230765187818 3.454599737656805
44.45357742362465 -16.765723770150096 -32.8522823898393 3.454599737656805
76.05115101301594 -9.219806511134218 -27.088819552504642 3.454599737656805
112.95621847145591 -8.066664654698997 -22.668379380626956 3.454599737656805
149.9721999346199 -7.121020748597189 -22.612198940580875 3.454599737656805

-150.4996700793942 0.8081254069957864 32.98855988278266 3.4672360788274705
-112.8282919627061 1.8644978435322215 33.19349575966379 3.4672360788274705
-75.39639365065263 0.6151561660160314 33.81329276697625 3.4672360788274705
-46.28250119286965 8.972962405469232 58.49933714506717 3.4672360788274705
-28.790060883787707 7.246585762312635 69.11877638636254 3.4672360788274705
0.3374318402812406 1.8390537558402298 80.49656337697992 3.4672360788274705
27.22788391921311 4.938902081258714 71.7280283285227 3.4672360788274705
50.394369897073055 4.780197900233111 63.164306461187294 3.4672360788274705
61.70684737056798 2.5509968306603743 46.38639612534797 3.4672360788274705
84.6988575366858 1.5864745798518358 35.200644526306846 3.4672360788274705
112.75004784630259 1.163309669814634 31.65153055578812 3.4672360788274705
150.30138693151537 0.28395107048204943 30.614239683787208 3.4672360788274705

-150.18016093591146 -2.9793042589072773 25.924986079066862 4.433937943676302
-111.94368691303366 -2.2205163956489358 25.846543703204322 4.433937943676302
-75.43839811750314 -2.7692411971854987 25.962516188627465 4.433937943676302
-41.74986148187369 -5.446759934401565 37.499329496124595 4.433937943676302
-9.490724096326968 -6.511405744691848 48.517888247923096 4.433937943676302
21.699636927534144 -1.637413541669763 55.284339136255404 4.433937943676302
50.28883648766834 -4.714876917130867 36.111100240287854 4.433937943676302
75.79891571744008 -1.9890769834664388 28.61787055548182 4.433937943676302
113.24329511262586 -4.089724139848664 24.89766613321652 4.433937943676302
150.09662807622016 -4.248363241819382 23.961449404257603 4.433937943676302

-150.22627109517236 2.4561455497016986 16.428778316525182 6.198051453057903
-113.16486122952021 3.848361754748518 16.089556432066026 6.198051453057903
-89.70511022359807 4.4241383966761365 16.247571579296903 6.198051453057903
-67.5161020053214 6.787099348236105 21.509518562795392 6.198051453057903
-41.87006453766681 2.663711642455836 29.45735889351611 6.198051453057903
-15.818809886024267 1.8104656501711611 37.286226549699094 6.198051453057903
2.9930082872451202 6.822266415241341 21.823831441270695 6.198051453057903
23.100376703073003 6.524236684646821 22.969178191582785 6.198051453057903
43.2519648157326 5.882941114579715 24.696981800590734 6.198051453057903
75.21723271065383 5.189196002309279 20.170877792473846 6.198051453057903
112.19178881415326 1.7098252295650198 15.60101844143351 6.198051453057903
149.73785321804309 0.866842515259698 14.467740665561445 6.198051453057903

-149.38427799172797 0.2874774886189606 0.7371833151982762 5.455560149136926
-128.65918602392728 1.0972965594127304 1.5670640326290484 5.455560149136926
-99.97266512988872 1.7029898683016869 0.9623303317717671 5.455560149136926
-73.32520657562854 2.473440877782302 8.276090354900273 5.455560149136926
-51.629710320639774 -6.295578452831262 18.022786877839867 5.455560149136926
-16.87961014567697 -7.89775634622871 12.34941961166241 5.455560149136926
7.08202516464964 -3.3409792269656275 14.138062813665162 5.455560149136926
34.953426200445065 -1.3454697043665755 13.485186405901073 5.455560149136926
57.49595789269645 -2.2181288448725125 13.696280473310376 5.455560149136926
80.07098184396996 -0.11715343912712838 5.3922611621862835 5.455560149136926
116.88396483505998 0.13616118881517636 3.8077056440973633 5.455560149136926
150.55581140775178 0.39059451539224255 2.586869798173709 5.455560149136926

-150.11740691462256 -0.4905449832264823 -10.288034155482583 4.329833121584335
-110.44024326141304 -1.4493426371274314 -9.33487027439769 4.329833121584335
-74.47275669624563 -1.5295778107912819 -10.571300191246245 4.329833121584335
-45.037096645005185 0.14079467627493647 -19.566964827898794 4.329833121584335
-23.045818812427715 0.7130736917906911 -14.825095080885069 4.329833121584335
0.6332292320489494 2.0289529188211723 -15.772550950707025 4.329833121584335
22.501896807747297 2.6815539875618035 -19.484716679380096 4.329833121584335
54.27099948501909 1.932615088372574 -14.03605377153344 4.329833121584335
76.29908582069497 3.615933443340931 -4.452686503565325 4.329833121584335
114.74458495988628 3.0444165458601082 -5.96924402185863 4.329833121584335
149.68315414087098 1.1513208185876627 -7.413808692135036 4.329833121584335

-149.43746807609338 2.896043770059591 -27.406944370882226 6.894823157779036
-112.46957938406995 0.862231728872385 -27.287583622224002 6.894823157779036
-76.45921787842592 1.6867142773625343 -29.79224199629627 6.894823157779036
-48.92375117790653 5.4857031753401975 -52.52889602955456 6.894823157779036
-19.67171167786062 5.519639008695499 -63.455339348383674 6.894823157779036
7.3567168648015775 6.209721061360135 -60.95945285580172 6.894823157779036
26.501427391073687 6.966737193454323 -41.28047989144797 6.894823157779036
55.56102039703749 5.152855598524472 -32.441566312496725 6.894823157779036
83.71343441670277 2.4334040784018707 -32.345065410157325 6.894823157779036
111.55456182168336 2.363523784047247 -29.597986277231495 6.894823157779036
149.78701029548915 4.210336003157103 -28.372964443308625 6.894823157779036

-150.81254440254773 -5.225698512323267 -33.640720387255726 3.1159508852163347
-113.06763784177679 -4.662550663416445 -36.045027268694156 3.1159508852163347
-76.78407479337477 -6.2874614017846735 -39.77217317859015 3.1159508852163347
-42.39903243971682 -4.608411387578111 -55.42868819789312 3.1159508852163347
-21.382191683145614 -4.257734039139473 -59.42524861841607 3.1159508852163347
0.985555095192872 -4.122663766785606 -63.21822982226241 3.1159508852163347
22.16653061049035 -3.9520034656189282 -58.68868060384941 3.1159508852163347
51.46720542736949 -7.627913271855476 -64.25047315445883 3.1159508852163347
75.68453866391495 -7.228854863623956 -36.8518378379573 3.1159508852163347
113.14913756167512 -6.116971046109998 -35.19949375774085 3.1159508852163347
150.47946257152321 -5.660608599612271 -31.139057732117124 3.1159508852163347

-149.7565822182966 5.949992684458796 26.4488954267688 4.337157188281745
-112.27881959964644 7.053178038938838 26.732655570745372 4.337157188281745
-75.95332702169208 8.646772953057122 30.196674122313873 4.337157188281745
-40.46342745113301 2.8637750582164787 41.04109878771853 4.337157188281745
-10.518268061806811 4.543716496882304 49.74921836885092 4.337157188281745
24.195325964979517 7.842069862014714 56.68400690333852 4.337157188281745
43.8476032540802 4.52160842889585 35.742798532375005 4.337157188281745
75.45092844050605 8.00244527724948 30.901291697924282 4.337157188281745
112.07230539325067 6.283353387770499 25.64570072487586 4.337157188281745
149.57574580999292 5.215639975242824 24.13772234743563 4.337157188281745

-149.928508716787 13.592612024805499 18.73154138200834 4.930894746349534
-110.69334314549437 15.01603234030464 18.655157907566622 4.930894746349534
-73.46689643417432 18.238064270403473 23.603424212894488 4.930894746349534
-40.49139221997829 13.229867622666944 33.935206839223206 4.930894746349534
-13.169625154091966 13.137298329530836 39.479426136711844 4.930894746349534
5.474622626920168 18.95591463955977 22.968519819324417 4.930894746349534
25.482334231616445 20.15364318100156 22.953094926937716 4.930894746349534
45.490045836312724 21.351371722443343 22.93767003455102 4.930894746349534
77.89207225828662 16.258389903370002 20.531443085318788 4.930894746349534
114.17206172733856 12.998310973358464 17.982306135508423 4.930894746349534
149.94440117414328 12.52992409682851 17.3752717721524 4.930894746349534

-149.55241897621715 10.56095725326995 7.550618148813226 5.648559873736287
-115.47136083341208 11.891363345141952 7.118769130872314 5.648559873736287
-78.87174110669694 14.226644862858112 8.014818925556934 5.648559873736287
-53.439010212311985 16.214649913807694 18.146386547510826 5.648559873736287
-30.74203727418525 20.05847816758884 15.860043556762717 5.648559873736287
-8.805662098214192 16.350058999209537 13.666720732263578 5.648559873736287
14.712620934288989 14.308874550266843 12.625668220311342 5.648559873736287
43.77840851883518 13.822290450307587 15.055788729272193 5.648559873736287
70.61890677159701 11.938148189867574 10.4868947712764 5.648559873736287
107.77964933840961 11.719553328566928 7.176318314350309 5.648559873736287
128.95530197893677 11.090008296517441 6.885376810039531 5.648559873736287
149.22451091571966 11.08340317123064 6.353463258404549 5.648559873736287

-147.65492211111163 12.059376405094701 -6.634452344315195 8.281407691144109
-118.32247553912653 11.790054766945433 -7.627089556638675 8.281407691144109
-81.46130453537822 11.416977100880608 -12.138300836944847 8.281407691144109
-48.422415669528725 13.531027229059896 -22.69466961151764 8.281407691144109
-27.193296037734537 10.466538959152707 -24.154121238875423 8.281407691144109
-5.3017799400377745 10.71844158901733 -24.597367605053613 8.281407691144109
20.149365063167217 13.015907397402609 -27.49641601541471 8.281407691144109
45.20501523034679 13.607571521330001 -21.37471392258663 8.281407691144109
68.06652467536523 13.568799815794527 -15.9784025907955 8.281407691144109
103.990135647561 15.41005178075229 -9.662890087407645 8.281407691144109
127.14382504961802 15.273684618675262 -8.726473067481866 8.281407691144109
147.65500734844792 14.194365956186726 -7.528267897345449 8.281407691144109

-150.22377715119717 7.266650405240333 -17.716631610905367 3.597390257266878
-129.54382369986345 9.041814582395679 -19.11299848874499 3.597390257266878
-108.35931569964796 10.13575394818541 -20.832306480835783 3.597390257266878
-75.70390691085441 12.42717678168337 -28.949795093577155 3.597390257266878
-43.577258976424105 18.43011499349673 -35.68072453917691 3.597390257266878
-18.793452063667004 26.653394477756343 -43.13128316911831 3.597390257266878
0.18985724850756117 22.60022720993852 -33.7061493227546 3.597390257266878
20.397194332366293 20.04264532407954 -37.931667420184134 3.597390257266878
46.64037760302693 17.67819986095208 -37.64163325005769 3.597390257266878
79.57211893671222 12.771124809917085 -26.599936108288684 3.597390257266878
115.07810786431617 7.907922508731876 -19.565006914485778 3.597390257266878
150.1407164680214 7.404642360393439 -18.346438872090605 3.597390257266878

-150.400213977943 15.67081028423252 -30.365801052537396 6.113875507308893
-112.8141737398756 13.741757964854566 -32.317487877931235 6.113875507308893
-76.84005684984355 15.100648675576622 -38.87720952435214 6.113875507308893
-56.97400967249644 19.218601241507418 -46.2231503761621 6.113875507308893
-36.32284573825948 18.429314981600807 -63.47908373039605 6.113875507308893
-16.15334910917876 18.849341858242475 -60.948034088354774 6.113875507308893
3.7291658326254162 19.397883201008725 -64.33695644878328 6.113875507308893
24.948733798634226 17.217964281578716 -62.10217108600476 6.113875507308893
49.056594449103734 15.046580778461516 -73.7364117532127 6.113875507308893
65.52798532728005 16.59538860765902 -53.87234761945833 6.113875507308893
87.46399873078124 15.309419409705525 -41.91275739249296 6.113875507308893
112.94429135248461 15.275608100041085 -33.4558263436669 6.113875507308893
150.46322373427066 17.016942337888715 -30.899589763367985 6.113875507308893

-151.2739734827219 15.032265539960743 32.91007596137043 6.73931655089634
-113.15895698910766 14.513127931857362 35.56752214544471 6.73931655089634
-76.4372314447179 13.107899897381929 40.83782372852059 6.73931655089634
-57.358754431032615 16.347134934835413 47.95036556141809 6.73931655089634
-35.854060378332505 22.06249698454776 60.72133720052004 6.73931655089634
-12.447254015885667 25.391670688484922 50.66387935839979 6.73931655089634
15.681312547733615 25.37170078584708 54.40946858216769 6.73931655089634
51.91894054525435 15.663103893236194 63.728841640376274 6.73931655089634
77.86523373357088 13.213731688343755 40.96324586188593 6.73931655089634
112.97595039410352 13.543446337518587 34.23136671939447 6.73931655089634
150.84750752904176 13.640389956177739 31.55697453295457 6.73931655089634

-150.69539294330693 17.182651737788124 12.030612899321525 2.371603301759982
-112.5490284621879 19.37599585444061 12.464605358782135 2.371603301759982
-74.12283248486175 21.4497822975539 16.625648968589736 2.371603301759982
-37.69802228955792 28.594085125236404 11.968760100651615 2.371603301759982
-17.8653748424817 25.755010161226377 12.086104180097495 2.371603301759982
4.462142864204887 22.593465483127154 9.114363525328839 2.371603301759982
40.08096626808841 22.131505437365412 12.952366236465895 2.371603301759982
75.4346056135403 20.144468554613113 11.20639205920487 2.371603301759982
112.85063197755642 18.612323020041732 12.134011090039397 2.371603301759982
150.45372975544458 17.636537497672872 11.405780535770312 2.371603301759982

-149.05106052036203 22.79013573578035 4.267387120539144 6.860358815211507
-128.94495444894648 23.61921823546892 3.183179873918748 6.860358815211507
-104.69826305928456 25.01093637608598 1.203448973617472 6.860358815211507
-73.28000518092085 25.465576450378624 -7.552079139417557 6.860358815211507
-49.73409006949214 30.80984889305173 -22.734732121070127 6.860358815211507
-24.501857299341317 22.944019026455557 -14.838319814293804 6.860358815211507
4.583716624642624 26.88613635685887 -22.938351119485787 6.860358815211507
40.5506263418882 29.19719628843542 -23.352691914346305 6.860358815211507
60.73125770798594 28.792484232432592 -12.870453917863106 6.860358815211507
80.7317365553013 23.03321325528745 2.553526267952384 6.860358815211507
117.73317674294675 24.339238489067412 3.9673528371290296 6.860358815211507
151.41639961798256 23.902788393304654 4.34330451218833 6.860358815211507

-150.77911929433463 22.003492858644005 -12.605914751311438 3.3641929894983322
-111.35761596006178 20.806208533732946 -16.46333880336461 3.3641929894983322
-75.04760113466284 19.015327120046873 -24.082149349733704 3.3641929894983322
-39.72664380448455 29.909814665796013 -38.4423094205819 3.3641929894983322
-4.7112956936046535 32.610983493274354 -34.142127575003116 3.3641929894983322
18.842776934547036 26.141561728067813 -33.34838822618818 3.3641929894983322
41.64087488494493 22.150540005306873 -31.88978599366725 3.3641929894983322
77.05433628231117 25.229213053054163 -18.17565796086796 3.3641929894983322
114.01135406861336 25.636785480789346 -17.032308267555276 3.3641929894983322
150.84962701041658 24.02135942948355 -13.670549096661752 3.3641929894983322

-150.28347406365205 12.763642152532892 -21.785377656258923 2.520412743882236
-112.61497722395009 15.62118799904493 -23.57578230522473 2.520412743882236
-77.07317127699498 18.573607105663115 -30.064400945248902 2.520412743882236
-40.71485920579825 26.92230068721266 -44.25738580909268 2.520412743882236
-19.817486937743013 33.1421014228492 -42.13430345235103 2.520412743882236
6.088302430200824 33.94025122075992 -38.718608841671326 2.520412743882236
40.28254100425386 30.274550797577493 -35.76829158107475 2.520412743882236
76.79580083464931 19.668090894045584 -27.339927737601634 2.520412743882236
112.76719293386127 14.379506951562066 -22.61196219610381 2.520412743882236
150.2307718443946 12.620987378706786 -21.67722643753336 2.520412743882236

-150.0002843188073 28.7101161777446 23.818404159575035 9.591084298026665
-112.65664663972565 28.50100020091268 24.98500526826795 9.591084298026665
-77.11119959880683 29.54666365943592 32.74582365212844 9.591084298026665
-58.39788640840839 31.38657650895104 40.63289815087466 9.591084298026665
-39.99367727237268 36.535893848604154 52.93480340843023 9.591084298026665
-8.95609734704947 43.419963614509165 49.49094236212944 9.591084298026665
28.324533235648115 41.61157992216485 56.91372462080029 9.591084298026665
52.7403949988383 45.13791926436314 34.83398049135128 9.591084298026665
76.07409504524708 27.478910706250566 31.24004538786724 9.591084298026665
112.54357993914658 26.754802330362775 23.93152195528643 9.591084298026665
149.9647540638388 28.478501058971258 23.327855708563884 9.591084298026665

-151.04703241137616 39.648699763131 6.176173470366756 9.725056264596475
-113.01689344630837 40.64496509595365 8.406952980409166 9.725056264596475
-76.81727759362829 39.883815068738166 14.840190728288372 9.725056264596475
-55.90127121336087 41.121815563781034 23.10156101892825 9.725056264596475
-30.985256721685534 38.66083602419504 18.85228689215539 9.725056264596475
8.063577695982657 32.595443517990816 16.436178405051567 9.725056264596475
44.284311176149515 35.604161292953535 17.834882481850844 9.725056264596475
64.07261174364203 37.366499635260595 12.953726298575342 9.725056264596475
83.84515185959269 38.92686078133149 9.131968741357378 9.725056264596475
113.00953769215225 40.794750885900044 7.559497018530614 9.725056264596475
150.90483106500704 40.390314594979465 7.0536694124221375 9.725056264596475

-150.22560986156836 33.984778016192195 -14.393674508489415 8.46717878493169
-112.47614695408308 33.07976517307608 -13.118285002751078 8.46717878493169
-76.93106840079334 39.90711013771793 -15.716827147612173 8.46717878493169
-46.39207863972729 47.73945979457565 -27.517815333016483 8.46717878493169
-20.611094398346353 51.95550081698708 -30.98224145853015 8.46717878493169
11.182515452360624 51.27682216705795 -28.270868551140587 8.46717878493169
45.77364098048499 47.31826685145656 -25.18087650815915 8.46717878493169
76.59097990997478 40.196128450008935 -12.509741978635942 8.46717878493169
112.63491571476442 37.120764066023604 -12.597714215399488 8.46717878493169
150.37082480509883 36.09088062864966 -13.741644452884664 8.46717878493169

-150.41965363295336 19.84622609113682 -20.35493839969254 4.4369101533869655
-112.95646608744892 22.645872744335108 -24.67044638613853 4.4369101533869655
-76.11744666252388 27.91834393104382 -29.760286203249237 4.4369101533869655
-41.22548384432233 37.433148520968075 -35.35950867832769 4.4369101533869655
-18.419069116345085 39.838701862584436 -36.47387479119275 4.4369101533869655
6.0496859039958055 40.76466861216171 -36.174170456661656 4.4369101533869655
43.029528622954295 36.34369244193215 -31.958060292383166 4.4369101533869655
75.63606979457825 29.35148678224905 -26.98010959846287 4.4369101533869655
112.8962014909672 21.483815671912225 -24.439017258222183 4.4369101533869655
150.28906716166006 19.758663905786513 -20.39060306356261 4.4369101533869655


-14.97396020560146 -150.3451299921019 23.67692037109092 2.781376912051071
-15.624556353605731 -112.82274376658654 24.344663754036365 2.781376912051071
-16.215168682668914 -75.60236553132528 24.045043581813292 2.781376912051071
-20.163377888858914 -58.32101671979085 39.88737064343155 2.781376912051071
-23.582913971080487 -38.10696700648608 52.8829888417948 2.781376912051071
-23.96543063358879 -2.1293248697985665 51.34675418529422 2.781376912051071
-24.40828477577046 22.319960606771637 67.60567047105121 2.781376912051071
-24.716459001717844 51.954188349236375 61.4646156988656 2.781376912051071
-20.92077920974941 63.08023918548154 43.885602288165394 2.781376912051071
-16.974114440354416 74.58255674839359 27.965541757062933 2.781376912051071
-15.111565179966957 112.8606748098356 26.355271976925273 2.781376912051071
-13.354154365841055 150.15341051136437 22.62864695731324 2.781376912051071

-16.38166380605259 -150.47921823516668 35.231730600545426 7.473864212097255
-15.224093480579059 -112.53978398544098 35.29661690028598 7.473864212097255
-16.625101673919076 -76.41134011112592 39.34354716795807 7.473864212097255
-15.308431085157952 -59.61743583238608 50.202031343933726 7.473864212097255
-15.047017975345263 -40.941276390276954 58.78981852453521 7.473864212097255
-15.428034579760894 -2.178827834993114 59.83030624963769 7.473864212097255
-13.568111190508223 20.483609663980985 66.63968310700159 7.473864212097255
-14.232394893505735 46.22616602159097 68.39849547874522 7.473864212097255
-14.182776060485352 62.49621794506672 56.54013018657005 7.473864212097255
-15.853516088887888 77.79360512643161 43.53488215128291 7.473864212097255
-17.279944725288054 112.59575962187179 36.463981728721464 7.473864212097255
-20.590554544151633 150.3420406357936 36.85570214849427 7.473864212097255

14.753238479230271 -151.1676245005805 34.549376801649665 5.52121994991681
14.062776847158187 -131.43541463077875 37.88503203970813 5.52121994991681
11.937493936091672 -111.65106736714962 41.26781924222816 5.52121994991681
16.499921592347523 -74.8419987112371 38.93152823433667 5.52121994991681
17.13634146970048 -57.80058067113954 51.02187272210406 5.52121994991681
21.939519676500357 -34.15872411156147 65.49536893618745 5.52121994991681
16.629979446639933 -6.139986077093653 64.25544188109177 5.52121994991681
17.33297137079768 17.443056292522552 67.09448299259203 5.52121994991681
18.037842899356466 50.91709244905791 72.12619796100218 5.52121994991681
14.848259007666066 64.66388701183325 42.7490713127892 5.52121994991681
16.474142395374766 84.95039447580548 31.031606948118114 5.52121994991681
11.822800144657114 111.9455946496681 25.945917006076566 5.52121994991681
9.692125414355473 150.1809613025078 28.70127023678863 5.52121994991681

13.317382760027213 -149.84462500513976 22.085161325839096 2.9763058787582306
19.387052115627494 -113.56272643363953 33.87097209235368 2.9763058787582306
25.58383529719222 -76.13570743188215 41.90494370289703 2.9763058787582306
28.775576801913143 -39.95080002971245 58.336799855603786 2.9763058787582306
29.094118359999335 -3.943029022583307 60.47837652130988 2.9763058787582306
26.835021018036922 15.43082118328192 67.10006405501204 2.9763058787582306
30.922707566017348 47.664636878611084 70.64890101148184 2.9763058787582306
26.212365276748724 61.63296563363351 51.706455003268054 2.9763058787582306
21.992256563819613 85.11588468251816 39.74712493512929 2.9763058787582306
20.497752906380985 113.84737255871966 33.95889282507413 2.9763058787582306
18.1373369693662 151.09881462065078 23.860794047822036 2.9763058787582306

-23.728000723282037 -150.35927425339455 22.992231691064987 5.9614152808901615
-24.412631208658773 -112.6956064015941 24.63819140747978 5.9614152808901615
-26.169234727405676 -76.57562994548961 26.40785292643938 5.9614152808901615
-29.109104916103323 -59.171902493927675 41.832936832424124 5.9614152808901615
-31.9101051496214 -39.971283514574424 56.77127353770663 5.9614152808901615
-32.73479702075812 -19.709164212711315 53.054141437544196 5.9614152808901615
-34.330516930447885 4.3455458261948365 55.39161125902447 5.9614152808901615
-29.05283593866964 30.354744328506985 37.63392766926402 5.9614152808901615
-28.25006231972733 51.77942067771254 31.838877999102646 5.9614152808901615
-26.20456760257797 75.40355694465488 27.363658102880915 5.9614152808901615
-23.645026438277394 112.59978870293344 24.099469484858112 5.9614152808901615
-22.893320942557583 150.1389618904815 23.309903725115248 5.9614152808901615

-10.009294086968145 -151.0779911963104 24.672832812410164 2.275108168921747
-10.17773094256582 -113.56606833532749 26.296078307866264 2.275108168921747
-12.425739871469236 -76.25679893387833 28.184183775334876 2.275108168921747
-10.739745116441444 -41.83747366600555 37.0184318959687 2.275108168921747
-9.806792821215705 -18.90110166211565 39.1270017043837 2.275108168921747
-6.448891028496145 9.92352345264456 44.53426248839609 2.275108168921747
-8.430635302301212 43.808994749496094 37.00984310088062 2.275108168921747
-10.475921594538221 76.17821404244418 27.785790481179625 2.275108168921747
-13.058455356457634 113.10148777378168 20.67466507961314 2.275108168921747
-10.66043498692245 150.55871742887462 18.048099217020553 2.275108168921747

0.03442035059474988 -149.27038097053128 30.987264932441622 9.274563216630256
1.2339165306157769 -114.29432073617087 30.51493063773378 9.274563216630256
1.367806578460695 -77.40807631891178 31.993606637048735 9.274563216630256
1.5131557570118974 -56.99635068841789 56.67009792420885 9.274563216630256
1.2055567063199095 -32.76820878019052 66.93006115891883 9.274563216630256
1.4270373901966154 -0.5141465130551964 64.9116282903777 9.274563216630256
3.743859181839081 30.946457632520435 75.36495637045978 9.274563216630256
1.5781182198606203 62.989886507510064 66.07809685805367 9.274563216630256
1.8455760991826107 76.63586632474703 45.507962692901735 9.274563216630256
-0.37297056223012953 112.85426871340078 35.301337226004065 9.274563216630256
-3.35951762300782 149.74932173150077 36.70376145124389 9.274563216630256

8.579994017103882 -150.05618624682896 15.671655905353374 4.070239852800135
8.387735503645013 -112.18701106966982 15.643547270821049 4.070239852800135
7.123955415213026 -74.6872694320803 16.025385926832485 4.070239852800135
9.043992699199853 -48.98647645073392 32.765827837792905 4.070239852800135
6.038409484000299 -23.257860165852062 29.66157788769442 4.070239852800135
8.90676938697176 12.574279663854142 33.13891129061233 4.070239852800135
10.077951259521582 44.78958435810642 28.968832461410422 4.070239852800135
6.223808690576843 74.13904040071691 16.944809210395732 4.070239852800135
7.625484469462881 112.12723379397202 16.450735799173277 4.070239852800135
9.05892444803958 150.07789285760236 17.24601293387051 4.070239852800135

27.391159676127504 -150.43257081922258 31.934279006915776 7.300178274831856
29.75775130523552 -112.69429220256798 30.484778626045934 7.300178274831856
33.806458042574235 -77.80967178699021 34.097908478639965 7.300178274831856
38.12234103637776 -60.13153465518417 44.1101076957661 7.300178274831856
40.05400444954053 -34.77609439043899 59.042144857678956 7.300178274831856
40.71015633696241 -1.9201086082959797 56.77588783696597 7.300178274831856
50.49286561670285 17.329192680755114 45.30782151774325 7.300178274831856
49.98554506722728 48.31846248008809 66.83854786875145 7.300178274831856
37.90543501998629 64.5359519416369 47.36934782315923 7.300178274831856
34.41725650180463 87.81783326641482 38.769537537739666 7.300178274831856
31.571532746012323 112.87870838816508 31.26746149083709 7.300178274831856
27.56855653696724 150.61335729244064 31.639467701008286 7.300178274831856

-28.780799837769624 -150.38513470089677 13.791320798949853 4.493688608715288
-30.6646136416465 -112.74415543376729 14.494118861478803 4.493688608715288
-31.092905442964657 -74.59060690658012 14.969160992473782 4.493688608715288
-30.514313529424758 -48.604219931438216 36.451899290487596 4.493688608715288
-29.11196529020561 -27.1497726517178 31.568471097298094 4.493688608715288
-27.668665286186354 4.145781810919732 21.068501403161044 4.493688608715288
-36.01566120125284 21.52925947786501 28.038653863366495 4.493688608715288
-41.59821351654921 41.59719784209923 37.22355597104984 4.493688608715288
-36.91624758757429 58.80731330824266 24.406217250585332 4.493688608715288
-32.6139200370211 85.06590352853901 17.637809350263442 4.493688608715288
-27.937703095255422 112.69420808085981 13.883273096367077 4.493688608715288
-27.833135583060088 150.3075200127732 13.263717580796332 4.493688608715288

-18.233431999409028 -149.5743668132256 11.181995942525809 6.1605441694224865
-20.234558029587067 -112.48982167932391 12.195492196301526 6.1605441694224865
-19.77271308786522 -74.93538184450982 13.202421697614628 6.1605441694224865
-19.613899557940915 -50.472001476993185 33.71327413586019 6.1605441694224865
-18.188529647660655 -24.35592611216498 33.55205877978436 6.1605441694224865
-16.568872609512884 3.646356414286067 20.33463378102951 6.1605441694224865
-16.4718623027942 32.75401026496117 36.59348225180302 6.1605441694224865
-15.889894424410539 53.40082705170352 28.473835653321334 6.1605441694224865
-18.12271281022967 75.74203678239896 13.621657861095198 6.1605441694224865
-16.638471520009723 112.51765068777598 12.620058250422472 6.1605441694224865
-17.1486199067668 150.15670627475228 12.319537207409704 6.1605441694224865

-6.865912963699839 -148.68138359095065 16.48754435458127 6.373682234746237
-7.133634236439552 -128.469972258378 16.874355836091276 6.373682234746237
-8.11512843125563 -98.50830694559212 17.54415796662935 6.373682234746237
-6.748368880256553 -66.24477415720546 18.735512056293405 6.373682234746237
-1.8821730915354085 -49.02323783419218 35.3515616635768 6.373682234746237
-1.0819569462109286 -25.712915842286215 38.00256404015377 6.373682234746237
0.38185312589511955 -5.732334821033132 39.31777449305147 6.373682234746237
2.7319268973675217 15.232134095285236 42.13228510959402 6.373682234746237
-2.5473559350657125 50.94405809934754 28.604829899846017 6.373682234746237
-4.776240531030697 81.83976919064379 19.514559926913694 6.373682234746237
-4.46151454531158 109.07067175061755 18.469723716296883 6.373682234746237
-3.2122130895996808 129.5796546553256 19.800425282606014 6.373682234746237
-2.2876553324547078 150.43828949381356 20.867512777442276 6.373682234746237

14.950015722740918 -150.144859073987 6.248762961078908 3.4788356442042163
14.873177893306439 -129.8708539524711 5.079161602759634 3.4788356442042163
14.391151854101928 -109.60517902697421 4.7895889219119745 3.4788356442042163
15.519508115951227 -71.15419627626036 8.488719519888178 3.4788356442042163
20.356587661081335 -49.17309815901187 5.28640240971602 3.4788356442042163
23.4624032385533 -24.350097105400273 0.727599985421775 3.4788356442042163
27.473228137271004 5.064420495809345 4.415187209080722 3.4788356442042163
23.927074930412022 25.034768016846773 3.4661395358077742 3.4788356442042163
19.98417715547878 44.72967568764453 3.545200664685569 3.4788356442042163
13.3058924659188 77.17759442421995 7.113014035823302 3.4788356442042163
13.996275201634564 112.13216803512982 8.640020509142374 3.4788356442042163
14.545901098114015 150.12460635158473 6.798200984026478 3.4788356442042163

25.39163151156097 -148.98820417678684 14.653579154039019 9.756677022116468
24.89468789148118 -111.68497809693106 13.772307663584884 9.756677022116468
26.20468255367111 -74.52458291170682 16.450592734515478 9.756677022116468
23.811243546425 -52.258134592522865 35.42339813576336 9.756677022116468
16.803888023751398 -20.16102293165766 39.461083508256365 9.756677022116468
22.00929141185468 18.544466862929387 39.76510450356154 9.756677022116468
23.069856735267727 55.515951362001445 33.19645218770038 9.756677022116468
25.909703570527853 76.22326403727111 13.242163725136994 9.756677022116468
26.825701895043565 112.0732969258505 13.903895543501951 9.756677022116468
26.373944777631007 148.38641123358636 14.42189650239081 9.756677022116468

38.56069547046136 -150.33143598399352 1.3568706193333784 8.201062586888916
41.540437137093875 -113.04322515408708 5.314108165590875 8.201062586888916
43.259875992518026 -74.84845555679368 8.554887953880895 8.201062586888916
50.81341029242297 -49.66840009456671 1.712744947571361 8.201062586888916
57.013793422964056 -25.89100819577934 -0.0735271530739882 8.201062586888916
53.048088272584266 9.920267178479705 -0.31626707356170913 8.201062586888916
45.041481449982236 38.035492272024044 -2.9483955469672427 8.201062586888916
46.56994990911542 74.17351154178584 5.742432893169277 8.201062586888916
42.15970344334182 113.00166522693745 4.126114209420555 8.201062586888916
39.928273044056574 150.81102403235943 1.7815976560251587 8.201062586888916

-49.0436549837561 -150.75189140604706 0.2742953747031453 9.515991532513514
-49.01934846845806 -113.18542208472962 0.5273628579561946 9.515991532513514
-53.902753203516845 -74.42894138200751 1.419138092061974 9.515991532513514
-55.372754686707054 -46.42872615992776 2.1393656408790886 9.515991532513514
-55.65384228078539 -23.173009724373195 0.2214494686156238 9.515991532513514
-57.51137013083869 5.673642221623629 -1.3428207496396272 9.515991532513514
-56.234930477955395 33.699226588985205 2.6631006461935143 9.515991532513514
-55.12355690131473 54.52332231748084 -0.03439451211679933 9.515991532513514
-53.171689264417054 74.50703195557351 -2.2023140235793583 9.515991532513514
-49.364046683290454 112.698833916414 -0.8055463642822823 9.515991532513514
-49.04144384682463 150.55411127045159 0.838275480993238 9.515991532513514

-29.940378499492965 -149.68916029259614 -0.2508549495836931 9.158618803421192
-29.65255685904018 -129.56266687241072 0.34509710162662094 9.158618803421192
-29.760909025088825 -108.00182626033867 0.11163630844351036 9.158618803421192
-34.32506513523859 -73.07731310533889 1.5970752607342174 9.158618803421192
-36.25505534409473 -52.6467993959237 3.7321047599661377 9.158618803421192
-36.66791106614537 -27.402750524383844 -4.184692475655822 9.158618803421192
-38.10720409888287 5.75616835549068 3.23713289646886 9.158618803421192
-37.37171012330675 35.7163538707276 -1.3308856507123332 9.158618803421192
-35.8420922878749 55.77625509533772 -0.01952020037359115 9.158618803421192
-32.61285577261686 84.56482648418057 0.029812670112280674 9.158618803421192
-29.771982937029733 113.38628019618272 0.09083908804524965 9.158618803421192
-30.192980301820995 148.80791063259272 -0.6546581064264156 9.158618803421192

-13.749006550537331 -150.54705609072167 -1.5048844740179317 6.783199830488681
-13.91895625785828 -120.85335416403238 -2.915911753108987 6.783199830488681
-14.053678517721039 -87.35916078252022 -4.326445795504024 6.783199830488681
-18.959823370657162 -62.499844724610654 0.1565908305051319 6.783199830488681
-19.278589646869058 -40.63298414528432 -1.5586238843098799 6.783199830488681
-20.925047869425867 -11.970042410371656 0.03068162489204798 6.783199830488681
-21.797689911714112 25.655500150096827 2.8565290360584306 6.783199830488681
-19.33911821438075 54.57960202482803 -0.4227796507591746 6.783199830488681
-14.928733769836303 80.20409894372632 -3.8715597953086998 6.783199830488681
-13.843738411194746 107.59523910023233 -2.473567258204367 6.783199830488681
-13.93941616903024 129.5625076650961 -1.2674580747623974 6.783199830488681
-14.250001561577552 149.62218930735463 -0.4874312825352609 6.783199830488681

2.287741820339536 -148.582124581477 3.2134562938550237 9.374993880184935
1.3993814058452252 -110.93678573183851 3.5267561025977425 9.374993880184935
-0.28687631882901976 -76.68657147017265 3.615902906162742 9.374993880184935
-2.6476508372369874 -54.9039629764958 -1.0870297710514512 9.374993880184935
-1.5388715581575492 -23.89619772051321 -3.2163794575000653 9.374993880184935
0.33124251131436466 5.712115124489325 -1.568151279528031 9.374993880184935
-0.15530204143330528 33.87255493871211 -2.6787890399544687 9.374993880184935
-1.6280487085304918 72.42041126297397 4.737264656586758 9.374993880184935
1.673149036651901 93.56802686278729 2.6799119045374926 9.374993880184935
1.834140316539814 118.75765796470463 3.9828716567213065 9.374993880184935
1.3308371080463024 147.03764678141772 5.032431756316316 9.374993880184935

13.260381784008276 -150.2166902819822 -2.1422111213139035 2.707940016415356
12.215749020045052 -113.71052755832697 -2.8899981393762815 2.707940016415356
11.998638579506313 -76.69797949426373 2.01264923285327 2.707940016415356
8.332542805817896 -43.35250997082038 4.702971330439998 2.707940016415356
10.30128735568377 -18.073137312868006 1.8063115674391008 2.707940016415356
11.447776425220894 7.3136148027373045 4.714831950773193 2.707940016415356
11.080167386437488 39.77014458894587 2.858445294785152 2.707940016415356
13.833435585672264 74.37555602954174 -1.614126801660483 2.707940016415356
13.460686387015874 112.96326645718324 -2.2322057966233557 2.707940016415356
13.311386730821942 150.09770816095005 -1.1576700747762827 2.707940016415356

19.655779132140783 -150.2167140979945 -1.10628364380367 3.5678628993531616
18.76235597919554 -114.67417030552534 -1.5917868634339316 3.5678628993531616
21.46710468884652 -77.02632935625246 2.0102742838168406 3.5678628993531616
28.175741718965945 -44.4697081577493 2.398758877981616 3.5678628993531616
31.374538693559085 -18.404690889993976 -1.0021573588896149 3.5678628993531616
35.301380823164465 7.472040107971871 4.536594801433098 3.5678628993531616
30.626185826458208 28.511133836053233 4.053554421185677 3.5678628993531616
26.42639414857229 50.92078829999443 3.2851728753960683 3.5678628993531616
21.07759358768181 73.85562432404826 0.7921319791082303 3.5678628993531616
19.557949555204804 112.16753800470266 -0.0323795953320336 3.5678628993531616
19.73265504243618 149.91672558791728 -1.060773693153627 3.5678628993531616

25.533951105304055 -150.2947655725851 2.4833995631529686 2.3618183112843045
33.081455948340555 -113.21441535718371 -1.6847840650322763 2.3618183112843045
34.479275055958595 -76.24632731356344 1.7870666857536375 2.3618183112843045
34.518329312407026 -43.383226061827784 2.789264296458368 2.3618183112843045
37.300010503872315 -17.257614284982225 -3.445950594953399 2.3618183112843045
39.31462946292467 6.332664589029059 -0.25716423969448476 2.3618183112843045
34.9596011786817 37.85115167852646 1.7582674088720722 2.3618183112843045
34.25649943795319 76.0358200228559 1.517260893951735 2.3618183112843045
31.911114469763678 112.639589699341 0.43329122835947825 2.3618183112843045
24.676046833865843 149.96831236578677 2.264670723886202 2.3618183112843045

-30.15994867890941 -150.57324443204715 -14.104177867779425 4.602642646106115
-31.762270242732107 -112.82651369020459 -13.934716995110923 4.602642646106115
-32.193263564252334 -75.5604308814567 -14.542717711204316 4.602642646106115
-38.55918897048642 -53.20602592441758 -30.49179954741625 4.602642646106115
-47.888494412938456 -22.344107397221343 -11.976518888181303 4.602642646106115
-45.255665786014895 5.912929829856295 -9.105366296374092 4.602642646106115
-48.638161127249106 35.76979248015399 -10.166834084891907 4.602642646106115
-38.80294223699252 55.55405820992918 -16.697603396762435 4.602642646106115
-30.65952389308522 75.00804230924616 -13.685091450125315 4.602642646106115
-30.747168000902693 112.92678114485383 -14.225207556633896 4.602642646106115
-28.21641822342533 150.91285520637365 -14.727861211212264 4.602642646106115

-16.472323261687688 -149.86074620148645 -13.166841246356393 5.109418317515856
-18.666908037878166 -110.06355297372667 -14.546466026388401 5.109418317515856
-21.217073397424812 -73.3637635050817 -15.441613631775516 5.109418317515856
-22.056402927894773 -57.122156301759496 -32.65333558439112 5.109418317515856
-22.905314756243865 -30.59492483887733 -22.921896856170733 5.109418317515856
-19.733437131259162 0.24633910960705718 -46.25916678862153 5.109418317515856
-20.296279549276772 18.035904169231024 -35.634497764988765 5.109418317515856
-22.65631158024987 34.52090402798741 -22.951220125129844 5.109418317515856
-20.34928866188762 52.680844441104504 -13.549475771327897 5.109418317515856
-18.58642732626979 78.17241164004886 -15.79331690069893 5.109418317515856
-16.85501680235556 114.00065531273505 -14.206018622018512 5.109418317515856
-15.969683009562425 150.45367118917252 -12.338980391350354 5.109418317515856

-4.997756230932431 -149.81297717658666 -8.452444783566097 4.170792254191167
-5.158953604659138 -112.07313494295443 -10.565472170397362 4.170792254191167
-4.57861420226433 -91.75689650043185 -11.461649864126338 4.170792254191167
-6.24315915216964 -70.64401525604849 -19.56909347249813 4.170792254191167
-12.832961648752768 -53.45447356594286 -33.000833732817455 4.170792254191167
-13.596611932270498 -21.686257903041664 -9.428348507675612 4.170792254191167
-12.648343913626197 6.082711265273736 -5.916235591111217 4.170792254191167
-13.568521029142369 33.5091411084379 -6.756998205034152 4.170792254191167
-10.57832384643714 53.58126880888384 -13.197579748762545 4.170792254191167
-6.162162951630326 74.4432112987448 -11.833182102545972 4.170792254191167
-5.5216381492065665 113.3524841464997 -10.907765458487296 4.170792254191167
-4.478761154559792 150.17683800358137 -9.13239196061516 4.170792254191167

6.703492675697249 -147.09091848021157 -14.311945535689 8.629900073215435
7.780229428188354 -126.7336703408977 -13.88590329916749 8.629900073215435
8.29572554000402 -99.55092149464836 -13.645418781758671 8.629900073215435
10.726965784554586 -71.77620916261768 -15.138252898257962 8.629900073215435
15.208950639837202 -51.92749331054362 -5.980013436599706 8.629900073215435
15.696642713763225 -24.30644036196409 -8.996753041465755 8.629900073215435
18.450722655063792 0.8170314794338136 -5.174156049296903 8.629900073215435
16.941073742047603 37.234417125586546 -8.271545239101291 8.629900073215435
12.842326123114715 57.88301693351635 -11.387473939982963 8.629900073215435
6.663247310658431 78.17443717632172 -15.137909758735264 8.629900073215435
8.672095955069128 108.14861472277926 -13.788636064619274 8.629900073215435
8.75281134801645 128.3237564966059 -12.380670274713898 8.629900073215435
8.560782133280657 149.01438160772946 -11.83496348726112 8.629900073215435

19.994866707364697 -150.62715583713066 -12.00476120357047 4.854026613548714
22.033311092379964 -115.15325602079382 -14.254601020191544 4.854026613548714
23.498439014446305 -76.97472318546676 -11.26476573762594 4.854026613548714
30.76482389063945 -46.88147432323836 -6.758079422925522 4.854026613548714
31.055629219296776 -17.499585010335547 -10.187463198013676 4.854026613548714
32.52526345061825 9.773098862241016 -4.031926850376726 4.854026613548714
31.40282122416773 33.187819194877264 -4.66518575326908 4.854026613548714
27.841922467462588 53.17113797951208 -5.372462777122341 4.854026613548714
22.07160568117745 73.14759306451639 -8.534548703092819 4.854026613548714
22.34800127414548 93.75168702926149 -13.247137087524742 4.854026613548714
22.540304181384307 115.29963863335385 -15.26889222021355 4.854026613548714
22.150978391681054 150.63038833930997 -10.402566142336454 4.854026613548714

26.381880971447348 -149.9894242396207 -5.459143705392978 4.247476077499046
26.02399380420605 -111.40395031182439 -5.4721489325683015 4.247476077499046
30.878638161241703 -76.77033334915622 -4.541416555380966 4.247476077499046
40.03154029247963 -49.09304574608023 -5.400120442629316 4.247476077499046
40.56152323112167 -22.172067945696682 -10.163555042206015 4.247476077499046
42.2304455098878 4.539680704574972 -6.913359902839433 4.247476077499046
35.3015378765651 40.75719846373314 -14.21961948031451 4.247476077499046
34.32827908781258 77.65441412871913 -7.041277617800214 4.247476077499046
26.488010770617436 112.32656130042974 -6.140578726518755 4.247476077499046
29.049737909142273 149.42419800129812 -4.517489391549756 4.247476077499046

-22.8471134504519 -150.0460044795638 -22.894645618538448 6.341568665265988
-25.65182440893914 -113.02822936592233 -23.537508320795848 6.341568665265988
-27.493607543620826 -76.92991070505306 -26.03270087963033 6.341568665265988
-31.866773994704175 -62.03510208529707 -46.77484911837975 6.341568665265988
-37.75226402514378 -36.20672893659871 -62.03057837974812 6.341568665265988
-33.04607726863104 -6.431969091679438 -37.98052497182076 6.341568665265988
-32.228460586025996 27.54082816084358 -52.873362849158156 6.341568665265988
-31.82147265560062 54.59060917561907 -47.798113911321174 6.341568665265988
-27.174753694603442 76.04346869493739 -25.461140736248552 6.341568665265988
-24.084267409075974 112.30832168808467 -23.413568870443278 6.341568665265988
-20.90716009395655 149.91433370033957 -23.07572123356611 6.341568665265988

-8.141244857741519 -150.0126966080445 -15.06720730393652 3.127393799798101
-9.50118789657449 -115.39631644074656 -16.595524337332137 3.127393799798101
-13.165994254068613 -78.69350881589654 -18.579398970949924 3.127393799798101
-11.212593888405625 -63.64497361102258 -35.62955074117816 3.127393799798101
-9.267970105913228 -47.75550061200259 -52.867230073432346 3.127393799798101
-9.776795246123033 -23.9521045247462 -49.79520225341313 3.127393799798101
-11.205116013756106 0.46519655064480975 -45.59147798290704 3.127393799798101
-11.846006830673904 25.706214281993176 -48.02696436879527 3.127393799798101
-12.963688278172004 56.88965739975067 -43.77574122748538 3.127393799798101
-10.123968576854034 72.97611725599769 -19.3019935528763 3.127393799798101
-9.139113895346716 111.0317431025136 -17.42307750232901 3.127393799798101
-8.341465267782457 149.93241813838551 -15.592422774756006 3.127393799798101

-7.5487166014824325 -148.04678546864903 -26.86507141664319 8.417575846032317
-2.801201351924395 -111.28494072989207 -27.308955388832164 8.417575846032317
-0.11190480412825696 -76.1748556809808 -30.19198683752909 8.417575846032317
2.065470432637031 -57.85820611757558 -47.129832341403194 8.417575846032317
3.307664360412305 -40.18533268917518 -57.52373980986841 8.417575846032317
0.7056080290757929 -8.802530183110685 -41.74542410716629 8.417575846032317
0.2650276770979827 16.65828055802788 -48.369916390325535 8.417575846032317
-0.938477616944792 50.61478202997711 -53.21911134416233 8.417575846032317
-2.0736083904267817 76.5028799384756 -30.717082819544338 8.417575846032317
-1.7393218027166524 111.38465149265167 -27.10402454114692 8.417575846032317
-2.001468696385759 149.24511489038355 -25.336289972615152 8.417575846032317

10.031435219672508 -151.36696486571535 -25.122863919471534 2.5964051494381666
16.24820370236694 -113.94152973233255 -23.050781453605723 2.5964051494381666
16.055365845996132 -75.91615491715521 -24.87315491923605 2.5964051494381666
16.132158270815463 -58.96174740960012 -35.73660308833388 2.5964051494381666
16.365471106463755 -42.091466241352144 -46.70465084231157 2.5964051494381666
15.155134625469266 -6.087649937666896 -35.75344787318004 2.5964051494381666
14.212761212868916 19.241031113735765 -43.31319970727789 2.5964051494381666
20.363281905121877 49.14430187620706 -42.725353156178166 2.5964051494381666
15.65875235447793 74.51299209606817 -23.800936326413083 2.5964051494381666
17.145276206161746 114.15513796764803 -23.55752080672128 2.5964051494381666
8.83227324878011 151.5273070126699 -23.27375912822949 2.5964051494381666

31.667606282022184 -150.53441030730815 -21.397478384156482 9.895095492804138
33.80954346363085 -113.13719473128764 -23.769827366586828 9.895095492804138
32.700975081128256 -74.9222259714742 -23.515826754424786 9.895095492804138
34.55625267785415 -61.38653359278755 -42.03062149364493 9.895095492804138
37.806561356782964 -43.04375845840085 -56.596328178692914 9.895095492804138
47.72547000776674 -12.241675980089566 -46.530550618515804 9.895095492804138
46.139208714972874 7.9579796396882365 -55.16687923889301 9.895095492804138
38.14978957616217 32.245342492278475 -48.694556036986356 9.895095492804138
33.952242858280094 55.150781587163195 -46.765548539671514 9.895095492804138
33.673149155225715 76.48025497977099 -23.63961869566179 9.895095492804138
35.55303532518383 113.35418495659201 -23.378781806804867 9.895095492804138
32.2796090190804 150.7807666085985 -21.70839868057804 9.895095492804138

-20.66697028469111 -150.22741866489716 -38.082802650951635 8.17795815437326
-17.494582703877455 -112.68514369694344 -36.288617648434865 8.17795815437326
-14.724414840745021 -77.56037945318204 -41.74190640764969 8.17795815437326
-21.15727232162879 -44.98321109343865 -60.32356235864437 8.17795815437326
-21.015398377177696 -24.75418652602265 -71.02778444875136 8.17795815437326
-22.568725090834576 4.590740318799695 -80.83923902680894 8.17795815437326
-19.978088484008204 42.578403169620344 -69.61754610315293 8.17795815437326
-19.417761912130164 61.95333648387684 -52.04540594854778 8.17795815437326
-17.06389800490861 85.10584916721197 -40.57475382919743 8.17795815437326
-18.992280776824987 112.63951838045652 -37.58613283972244 8.17795815437326
-22.367373373322277 149.91322705236482 -40.10655228575978 8.17795815437326

4.36750073632189 -152.6175618719988 -30.211560596633348 3.5897254522733792
2.8588212374157003 -114.0585684633612 -39.76821853221869 3.5897254522733792
-2.889132199701379 -79.31329042402086 -48.05545699551194 3.5897254522733792
-8.984565492830678 -43.35123972160091 -62.894494026275574 3.5897254522733792
-9.299909888269514 -23.240495298597658 -68.05932576179627 3.5897254522733792
-10.704569256439235 -3.0512531632729667 -74.13560390219024 3.5897254522733792
-9.072837186790307 29.2443776587028 -71.02464956139607 3.5897254522733792
-7.227575275559267 56.85060665964868 -61.820397748717326 3.5897254522733792
-2.382228079529293 78.95384991578591 -45.290052813297834 3.5897254522733792
-3.163572585305791 114.32559557623676 -42.103629195615476 3.5897254522733792
-13.875582807588732 150.9510899551921 -30.92169348878063 3.5897254522733792

4.019316387611065 -149.83117211770877 -24.963547294033418 2.044176936988819
8.17497274679926 -112.60746780725115 -25.039753895267975 2.044176936988819
9.71416971996965 -75.54464825663452 -25.84772895262564 2.044176936988819
11.536593161606538 -41.231956728833985 -46.25523476792255 2.044176936988819
11.205050143096422 -4.658745618311362 -39.881796942833454 2.044176936988819
8.797791147656753 23.376772911698033 -43.11308664777609 2.044176936988819
7.656440850462874 48.586230133278704 -43.42801670042072 2.044176936988819
8.791661159087766 75.34414507951698 -25.973884447799186 2.044176936988819
9.030156887491039 112.66710433529435 -25.537428905192613 2.044176936988819
8.339471678803564 150.30200419037948 -28.086668599893905 2.044176936988819

16.908944695021123 -150.40858391310033 -34.21759037947 8.523691427638674
15.142582300841015 -112.95342718989832 -35.95572455273491 8.523691427638674
15.31340120636666 -79.14982347455116 -40.95243007017973 8.523691427638674
17.92425496461392 -62.53651307884686 -51.84618006433924 8.523691427638674
19.97165938266565 -44.890036095515036 -62.006652691074976 8.523691427638674
14.838154675492238 -23.218103734019397 -73.97616659994021 8.523691427638674
14.373554262688883 6.926940889442139 -82.842667625623 8.523691427638674
15.0726682894779 43.46188050973326 -70.22914711791019 8.523691427638674
15.94441884142659 60.3232131720568 -47.587824613727676 8.523691427638674
13.541352748920836 84.83218102264617 -37.96561708694945 8.523691427638674
14.366070328973493 112.81379366582473 -35.68356126396281 8.523691427638674
17.55486427568172 150.1550712017141 -33.62760322160255 8.523691427638674

